Initial state
{'BACK': [[1, 1], [0, 0]], 'DOWN': [[3, 2], [4, 5]], 'FRONT': [[0, 1], [0, 1]], 'LEFT': [[4, 5], [3, 2]], 'RIGHT': [[4, 5], [3, 2]], 'UP': [[3, 2], [4, 5]]}
Movement: b0
{'BACK': [[1, 0], [1, 0]], 'DOWN': [[4, 5], [4, 5]], 'FRONT': [[0, 1], [0, 1]], 'LEFT': [[3, 2], [3, 2]], 'RIGHT': [[3, 2], [3, 2]], 'UP': [[4, 5], [4, 5]]}
Movement: D0
{'BACK': [[1, 0], [2, 2]], 'DOWN': [[4, 4], [5, 5]], 'FRONT': [[3, 3], [0, 1]], 'LEFT': [[3, 0], [3, 1]], 'RIGHT': [[1, 2], [0, 2]], 'UP': [[4, 5], [4, 5]]}
Movement: d1
{'BACK': [[2, 2], [2, 2]], 'DOWN': [[4, 4], [5, 5]], 'FRONT': [[3, 3], [3, 3]], 'LEFT': [[0, 0], [1, 1]], 'RIGHT': [[1, 1], [0, 0]], 'UP': [[5, 5], [4, 4]]}
Movement: B0
{'BACK': [[2, 2], [2, 2]], 'DOWN': [[0, 0], [5, 5]], 'FRONT': [[3, 3], [3, 3]], 'LEFT': [[5, 5], [1, 1]], 'RIGHT': [[4, 4], [0, 0]], 'UP': [[1, 1], [4, 4]]}
Movement: B0
{'BACK': [[2, 2], [2, 2]], 'DOWN': [[5, 5], [5, 5]], 'FRONT': [[3, 3], [3, 3]], 'LEFT': [[1, 1], [1, 1]], 'RIGHT': [[0, 0], [0, 0]], 'UP': [[4, 4], [4, 4]]}
